[
    {
        "distanceMatrix":[
            [0.0,3.6389959999901495E-6,1.3585663400001696E-4,8.299611139996562E-4,7.076024169998983E-4,0.005423819906000006,0.001743392890000262,0.0017676108849999442,0.007190859461000269,0.007042517440999668],
            [3.6389959999901495E-6,0.0,1.8354732999994121E-4,7.239964499998282E-4,6.755740450000703E-4,0.00514928125000043,0.0015877556020004598,0.0016108496090001556,0.006871032557000701,0.006726025549000106],
            [1.3585663400001696E-4,1.8354732999994121E-4,0.0,0.0016361052999995694,0.0011387271969999684,0.007276474980000131,0.002845648420000412,0.002875190237000015,0.00928984090900045,0.00912037918499975],
            [8.299611139996562E-4,7.239964499998282E-4,0.0016361052999995694,0.0,8.928216969998149E-4,0.0020197162000005725,1.7154064000021225E-4,1.808371370001014E-4,0.0031424040290007954,0.0030455517250004053],
            [7.076024169998983E-4,6.755740450000703E-4,0.0011387271969999684,8.928216969998149E-4,0.0,0.004251493284999803,0.001633816808999934,0.001675642467999559,0.0062308387699997365,0.006113431635999485],
            [0.005423819906000006,0.00514928125000043,0.007276474980000131,0.0020197162000005725,0.004251493284999803,0.0,0.0010641439119997759,0.0010550294689999598,2.169186969999523E-4,2.0212416899997388E-4],
            [0.001743392890000262,0.0015877556020004598,0.002845648420000412,1.7154064000021225E-4,0.001633816808999934,0.0010641439119997759,0.0,3.0218499999542703E-7,0.001852883092999867,0.0017779572849995692],
            [0.0017676108849999442,0.0016108496090001556,0.002875190237000015,1.808371370001014E-4,0.001675642467999559,0.0010550294689999598,3.0218499999542703E-7,0.0,0.0018286818820001886,0.001753999207999882],
            [0.007190859461000269,0.006871032557000701,0.00928984090900045,0.0031424040290007954,0.0062308387699997365,2.169186969999523E-4,0.001852883092999867,0.0018286818820001886,0.0,8.499220000093922E-7],
            [0.007042517440999668,0.006726025549000106,0.00912037918499975,0.0030455517250004053,0.006113431635999485,2.0212416899997388E-4,0.0017779572849995692,0.001753999207999882,8.499220000093922E-7,0.0]
        ],
            "numberOfRoutes":10,
            "solution":[
                [
                    [false,true,true,false,false,false,false,false,false,false],
                    [true,false,true,false,false,false,false,false,false,false],
                    [true,true,false,false,false,false,false,false,false,false],
                    [false,false,false,false,false,false,false,false,false,false],
                    [false,false,false,false,false,false,false,false,false,false],
                    [false,false,false,false,false,false,false,false,false,false],
                    [false,false,false,false,false,false,false,false,false,false],
                    [false,false,false,false,false,false,false,false,false,false],
                    [false,false,false,false,false,false,false,false,false,false],
                    [false,false,false,false,false,false,false,false,false,false]
                ],
                [
                    [false,true,true,false,false,false,false,false,false,false],
                    [true,false,true,false,false,false,false,false,false,false],
                    [true,true,false,false,false,false,false,false,false,false],
                    [false,false,false,false,false,false,false,false,false,false],
                    [false,false,false,false,false,false,false,false,false,false],
                    [false,false,false,false,false,false,false,false,false,false],
                    [false,false,false,false,false,false,false,false,false,false],
                    [false,false,false,false,false,false,false,false,false,false],
                    [false,false,false,false,false,false,false,false,false,false],
                    [false,false,false,false,false,false,false,false,false,false]
                ],
                [
                    [false,true,true,false,false,false,false,false,false,false],
                    [true,false,true,false,false,false,false,false,false,false],
                    [true,true,false,false,false,false,false,false,false,false],
                    [false,false,false,false,false,false,false,false,false,false],
                    [false,false,false,false,false,false,false,false,false,false],
                    [false,false,false,false,false,false,false,false,false,false],
                    [false,false,false,false,false,false,false,false,false,false],
                    [false,false,false,false,false,false,false,false,false,false],
                    [false,false,false,false,false,false,false,false,false,false],
                    [false,false,false,false,false,false,false,false,false,false]
                ],
                [
                    [false,true,false,false,true,false,false,false,false,false],
                    [true,false,false,false,true,false,false,false,false,false],
                    [false,false,false,false,false,false,false,false,false,false],
                    [false,false,false,false,false,false,false,false,false,false],
                    [true,true,false,false,false,false,false,false,false,false],
                    [false,false,false,false,false,false,false,false,false,false],
                    [false,false,false,false,false,false,false,false,false,false],
                    [false,false,false,false,false,false,false,false,false,false],
                    [false,false,false,false,false,false,false,false,false,false],
                    [false,false,false,false,false,false,false,false,false,false]
                ],
                [
                    [false,false,false,false,false,false,false,false,false,false],
                    [false,false,false,false,false,false,false,false,false,false],
                    [false,false,false,false,false,false,false,false,false,false],
                    [false,false,false,false,false,false,false,false,false,false],
                    [false,false,false,false,false,false,false,false,false,false],
                    [false,false,false,false,false,false,false,false,true,true],
                    [false,false,false,false,false,false,false,false,false,false],
                    [false,false,false,false,false,false,false,false,false,false],
                    [false,false,false,false,false,true,false,false,false,true],
                    [false,false,false,false,false,true,false,false,true,false]
                ],
                [
                    [false,true,false,false,true,false,false,false,false,false],
                    [true,false,false,false,true,false,false,false,false,false],
                    [false,false,false,false,false,false,false,false,false,false],
                    [false,false,false,false,false,false,false,false,false,false],
                    [true,true,false,false,false,false,false,false,false,false],
                    [false,false,false,false,false,false,false,false,false,false],
                    [false,false,false,false,false,false,false,false,false,false],
                    [false,false,false,false,false,false,false,false,false,false],
                    [false,false,false,false,false,false,false,false,false,false],
                    [false,false,false,false,false,false,false,false,false,false]
                ],
                [
                    [false,true,true,false,false,false,false,false,false,false],
                    [true,false,true,false,false,false,false,false,false,false],
                    [true,true,false,false,false,false,false,false,false,false],
                    [false,false,false,false,false,false,false,false,false,false],[false,false,false,false,false,false,false,false,false,false],[false,false,false,false,false,false,false,false,false,false],[false,false,false,false,false,false,false,false,false,false],[false,false,false,false,false,false,false,false,false,false],[false,false,false,false,false,false,false,false,false,false],[false,false,false,false,false,false,false,false,false,false]],[[false,true,true,false,false,false,false,false,false,false],[true,false,true,false,false,false,false,false,false,false],[true,true,false,false,false,false,false,false,false,false],[false,false,false,false,false,false,true,true,false,false],[false,false,false,false,false,false,false,false,false,false],[false,false,false,false,false,false,false,false,true,true],[false,false,false,true,false,false,false,true,false,false],[false,false,false,true,false,false,true,false,false,false],[false,false,false,false,false,true,false,false,false,true],[false,false,false,false,false,true,false,false,true,false]],[[false,true,true,false,false,false,false,false,false,false],[true,false,true,false,false,false,false,false,false,false],[true,true,false,false,false,false,false,false,false,false],[false,false,false,false,false,false,false,false,false,false],[false,false,false,false,false,false,false,false,false,false],[false,false,false,false,false,false,false,false,false,false],[false,false,false,false,false,false,false,false,false,false],[false,false,false,false,false,false,false,false,false,false],[false,false,false,false,false,false,false,false,false,false],[false,false,false,false,false,false,false,false,false,false]],[[false,true,true,false,false,false,false,false,false,false],[true,false,true,false,false,false,false,false,false,false],[true,true,false,false,false,false,false,false,false,false],[false,false,false,false,false,false,false,false,false,false],[false,false,false,false,false,false,false,false,false,false],[false,false,false,false,false,false,false,false,false,false],[false,false,false,false,false,false,false,false,false,false],[false,false,false,false,false,false,false,false,false,false],[false,false,false,false,false,false,false,false,false,false],[false,false,false,false,false,false,false,false,false,false]]]},{"distanceMatrix":[[0.0,3.6389959999901495E-6,1.3585663400001696E-4,8.299611139996562E-4,7.076024169998983E-4,0.005423819906000006,0.001743392890000262,0.0017676108849999442,0.007190859461000269,0.007042517440999668,0.0012806121279995124,0.008965521864999609,0.011001900905000736,8.300287059996626E-4,0.007943279745998464,8.25089977999784E-4,0.001484509260999586,0.011258775257000505,0.008770235811998504,0.007225787330000156,0.00776794173300035,0.0065367649369983405,0.007096908825998933,0.0071892507699987,0.00635042207700038,0.008099000361998262,0.00697726138000059,0.0050086508849988085,0.008173374819999708,0.007229316879998474,0.005696009140000022,0.008778296993000232,0.008794164295999789,0.007141894240999884,0.004837097991999973,0.008883287620000357,0.0075857215519999225,0.008970583106000202,0.009558373720999543,0.00868406658099995,0.00907047967999953,0.00679685319999951,0.008948895553998906,0.009673086937999193,0.009508005496999565,0.009854781757000303,0.009976151388998256,0.009702815668998842,0.009510772689999326,0.009230265864000494],[3.6389959999901495E-6,0.0,1.8354732999994121E-4,7.239964499998282E-4,6.755740450000703E-4,0.00514928125000043,0.0015877556020004598,0.0016108496090001556,0.006871032557000701,0.006726025549000106,0.0012344031399997815,0.008610323285000153,0.010605388009001262,8.411399619998408E-4,0.007608002649998985,8.36101857999961E-4,0.0013414521249997821,0.010857706681001049,0.00854027965599924,0.006905156850000573,0.007435727513000812,0.006234839844998844,0.00678019464199942,0.006872575353999218,0.00605303998100083,0.007760702185998795,0.006662886688001028,0.004813102948999381,0.007832504224000196,0.006911219443998995,0.005414417552000455,0.008424770705000681,0.008440022484000267,0.006823565117000286,0.004578528596000259,0.008529514408000882,0.007257139220000375,0.008614755362000731,0.009191611897000107,0.00833264319700045,0.00883557746000025,0.00648598878799993,0.008591650305999399,0.009302340329999742,0.009140615941000105,0.009480495061000835,0.009599257108998824,0.009330913628999385,0.00914329544199987,0.008868606836001013],[1.3585663400001696E-4,1.8354732999994121E-4,0.0,0.0016361052999995694,0.0011387271969999684,0.007276474980000131,0.002845648420000412,0.002875190237000015,0.00928984090900045,0.00912037918499975,0.0018243800899993977,0.011308151292999717,0.013563682721000989,0.0010122803359994465,0.010153507599998408,0.0010076744839995792,0.0025004071849995192,0.013852331145000726,0.010545860241998443,0.009319957288000329,0.009950422025000537,0.008557363336998237,0.009193503903998927,0.009301668115998661,0.008343949265000568,0.010330502259998178,0.00905525686600081,0.006502434760998655,0.010408550145999822,0.009347161041998404,0.007591229978000153,0.011063878609000412,0.011094918969999909,0.009212214601000012,0.006526036442000079,0.011215477946000554,0.009738128530000067,0.011312997544000385,0.011972915288999648,0.010984330069000101,0.010879164297999634,0.008832350721999565,0.011265119207998907,0.01209607962399926,0.011912265904999669,0.0122988930770005,0.012432130092998202,0.012123622452998858,0.011915178759999399,0.011602416218000709],[8.299611139996562E-4,7.239964499998282E-4,0.0016361052999995694,0.0,8.928216969998149E-4,0.0020197162000005725,1.7154064000021225E-4,1.808371370001014E-4,0.0031424040290007954,0.0030455517250004053,0.0012159331300000246,0.004344323633000546,0.005800427161001375,0.001648323076000151,0.0036381164199996846,0.0016422519040002518,1.1595350499998194E-4,0.005983001905001243,0.005776162522000003,0.0031783454280006774,0.003521386805000925,0.0027172764369995895,0.0030730259239999647,0.0031441862559998504,0.0025987714250008866,0.0037442901199995567,0.002994627826001032,0.002632486601000168,0.0037960511860005105,0.003167148241999704,0.0021858587780006064,0.00424589168900083,0.004236972210000568,0.0031425567410004692,0.0017643847220003097,0.004286010706001054,0.0034048282100005863,0.004345363364000957,0.00476043100900054,0.004146175189000709,0.005997687338000648,0.002895889442000266,0.004349460867999969,0.004836372804000252,0.004719695965000512,0.004965173557001046,0.005052581692999595,0.004861144052999986,0.0047216645800003424,0.004524764978001155],[7.076024169998983E-4,6.755740450000703E-4,0.0011387271969999684,8.928216969998149E-4,0.0,0.004251493284999803,0.001633816808999934,0.001675642467999559,0.0062308387699997365,0.006113431635999485,8.456519299990401E-5,0.00737037415999932,0.009687299450000136,1.4259610100022445E-4,0.006630491204998248,1.4136769700023616E-4,0.0015961747699995824,0.009856223698000047,0.00480355020899891,0.006413010864999517,0.0066140563599999935,0.005196150499998345,0.005895038404998629,0.005736671824998632,0.0050254103380001,0.006724712932998313,0.005856222501000133,0.0023602724499990012,0.006972373844999227,0.005819462752998302,0.004491051132999778,0.00792458836999975,0.00775856610099945,0.0064954035559993805,0.004790867988999584,0.007323434681000021,0.006576053488999317,0.007435216024999601,0.007876510209999162,0.00741236408999939,0.005030755984999741,0.006025079248999315,0.00794989130499882,0.008216511744998796,0.00804308382799929,0.008385678913999816,0.00855545316199828,0.008384011641998682,0.008051438888999098,0.007753187844999979],[0.005423819906000006,0.00514928125000043,0.007276474980000131,0.0020197162000005725,0.004251493284999803,0.0,0.0010641439119997759,0.0010550294689999598,2.169186969999523E-4,2.0212416899997388E-4,0.004107992690000667,4.4727104499990366E-4,0.001105731749000137,0.005943133892001306,2.634072999997E-4,0.0059361451280013555,0.0013525687250004266,0.0011611460610001189,0.0037955168259999677,2.841034599998657E-4,2.6507255300004337E-4,5.1994384999850973E-5,1.3485173199982546E-4,1.2417034399982805E-4,3.651826100002827E-5,2.842080159996929E-4,1.3351649800004E-4,0.0018279441890006246,3.376889139998746E-4,1.3058295399978758E-4,3.418921999999975E-6,6.293772849999731E-4,5.472133539999246E-4,3.527364969998612E-4,4.6009946599992284E-4,4.313084180000721E-4,2.743257699998641E-4,4.54468852000004E-4,5.856398369998712E-4,4.3712673699990796E-4,0.0038863875699999577,2.2558901799995585E-4,6.04902995999797E-4,6.500194599997455E-4,6.02921320999879E-4,6.984140810000355E-4,7.456016889995673E-4,6.95329008999703E-4,6.048432519998241E-4,5.274516260000789E-4],[0.001743392890000262,0.0015877556020004598,0.002845648420000412,1.7154064000021225E-4,0.001633816808999934,0.0010641439119997759,0.0,3.0218499999542703E-7,0.001852883092999867,0.0017779572849995692,0.0018841234340001912,0.002839819384999438,0.003986305457000046,0.002694694004000708,0.0022590042119988844,0.00268770435200081,2.11388570000789E-5,0.004141543464999901,0.00529730778599896,0.0018746871399997985,0.002154943164999887,0.0015767407489989263,0.0018194647879992,0.0019052498719990447,0.001489623144999917,0.0023472313999987333,0.001753063650000032,0.0023226675369996358,0.002370796001999541,0.0019156622899989533,0.0011820392739997794,0.0027108337609998085,0.002707951089999561,0.0018457334689996685,8.578305459998343E-4,0.0027896143699998504,0.002055936817999676,0.002832967027999805,0.0031787268729993896,0.002649983372999657,0.005487868489999393,0.0016592775379995137,0.0027962937159990726,0.0032134602759991827,0.0031211148049993895,0.003317823820999814,0.0033839332369986017,0.003222136236998971,0.0031221404999992506,0.002967598065999941],[0.0017676108849999442,0.0016108496090001556,0.002875190237000015,1.808371370001014E-4,0.001675642467999559,0.0010550294689999598,3.0218499999542703E-7,0.0,0.0018286818820001886,0.001753999207999882,0.001931566540999805,0.0028187611399997825,0.003949865386000521,0.0027467460050002303,0.0022375799889992128,0.002739662785000335,2.0409794000067254E-5,0.004105622786000377,0.005351225268998753,0.0018475444250001393,0.002131310404000216,0.001564031847999167,0.0018005356369994933,0.0018910024009993094,0.0014777399860001416,0.0023262107809990584,0.0017332031050003207,0.002360473665999483,0.002345913840999893,0.0019002691249992293,0.0011717995769999785,0.0026763692020002226,0.0026767249129999583,0.0018160574800000187,8.316550890000939E-4,0.0027682486850001925,0.002030509045000018,0.002810640097000161,0.0031564428019997563,0.002623825282000028,0.00554193152499919,0.0016337708689998294,0.0027636228649994808,0.0031859984569995834,0.003094633575999777,0.0032897254340002184,0.003354291937999017,0.0031918229779993854,0.003095533584999639,0.0029427517450003136],[0.007190859461000269,0.006871032557000701,0.00928984090900045,0.0031424040290007954,0.0062308387699997365,2.169186969999523E-4,0.001852883092999867,0.0018286818820001886,0.0,8.499220000093922E-7,0.006145766045000672,1.7191071399987572E-4,4.0419028000007897E-4,0.008257873709001433,4.7339596999892584E-5,0.008248797133001516,0.0021637192520007013,4.542303760000307E-4,0.005344612864999578,9.257488999987622E-6,1.768900999998372E-5,1.1042653000001182E-4,2.731112500000302E-5,1.0470720499991662E-4,1.2555179599990952E-4,6.568800099980031E-5,1.6249444999981318E-5,0.0031886613800006084,3.8082964999964295E-5,8.48739969999687E-5,1.7577310899996002E-4,1.0772416800001767E-4,8.435113699996574E-5,3.794495400000692E-5,4.095555850001166E-4,1.5490686499994237E-4,5.284700999991044E-6,1.531856250000139E-4,2.488449999998747E-4,7.850119999997394E-5,0.005421789908999414,1.3914637000051711E-5,1.0459370499989667E-4,2.027217529998369E-4,1.8519490599986442E-4,2.273998399999843E-4,2.3694183999964266E-4,1.9062727999977818E-4,1.8446447299983002E-4,1.5947166500001E-4],[0.007042517440999668,0.006726025549000106,0.00912037918499975,0.0030455517250004053,0.006113431635999485,2.0212416899997388E-4,0.0017779572849995692,0.001753999207999882,8.499220000093922E-7,0.0,0.0060397850330005266,1.9440101200004681E-4,4.399304180002258E-4,0.008122948217001125,5.852824899997418E-5,0.008113867805001208,0.0020811515540003272,4.928300100001976E-4,0.0053448293050001915,8.697276999964146E-6,2.5781540000044777E-5,1.0858217600007248E-4,2.9759017000050904E-5,1.1008865300001785E-4,1.2170404999998617E-4,7.881026499989404E-5,1.6809349000026088E-5,0.003159587138000893,5.019733300003772E-5,9.032251300005977E-5,1.641877249999944E-4,1.2082301800002456E-4,9.983612500000951E-5,3.450683199993969E-5,3.7511772499987004E-4,1.764110090001111E-4,1.022592100001549E-5,1.7522475700017937E-4,2.769874020000739E-4,9.567452200007372E-5,0.00542484681700006,8.959969000000826E-6,1.2089142899992393E-4,2.2981033299998463E-4,2.1103688000001354E-4,2.56053890000147E-4,2.6607106599977487E-4,2.1655810599988988E-4,2.102758449999755E-4,1.831610690001678E-4],[0.0012806121279995124,0.0012344031399997815,0.0018243800899993977,0.0012159331300000246,8.456519299990401E-5,0.004107992690000667,0.0018841234340001912,0.001931566540999805,0.006145766045000672,0.0060397850330005266,0.0,0.007060415617000524,0.009459982177001391,2.466223380001106E-4,0.006421740769999386,2.466179620000853E-4,0.0019248944849998939,0.009597865457001377,0.0037293240199999366,0.006377434402000413,0.00645987366100105,0.004987780752999417,0.0057291933699996495,0.005486161121999745,0.0048236424370010425,0.006494305401999559,0.005718364340001076,0.0017413943169997473,0.006799739732000286,0.005582965455999386,0.004334461316000661,0.007865541881000842,0.007637905768000604,0.006516665033000307,0.005032389800000262,0.007025814900001199,0.0064716452000002705,0.007145263970000698,0.00753387294500039,0.007212756365000468,0.00393041091200072,0.006006214864000322,0.007840680674000075,0.007948797466000027,0.007773534817000546,0.008112695445001025,0.008298053844999684,0.008162490924999991,0.007783751474000369,0.007481213224001124],[0.008965521864999609,0.008610323285000153,0.011308151292999717,0.004344323633000546,0.00737037415999932,4.4727104499990366E-4,0.002839819384999438,0.0028187611399997825,1.7191071399987572E-4,1.9440101200004681E-4,0.007060415617000524,0.0,2.113059380000728E-4,0.00953587453300124,4.10203250000627E-5,0.009527877569001279,0.0032712084100004523,2.1477447400010575E-4,0.004670015753000015,2.3354502499981872E-4,7.982413599995778E-5,1.949930600002229E-4,1.1863494900007236E-4,1.0281475300010637E-4,2.297178339998593E-4,2.730294900008735E-5,1.447671649998668E-4,0.003109295818000832,5.640017299995559E-5,9.457042500013765E-5,3.7256722099991116E-4,2.169134499999649E-4,1.2395791700001087E-4,3.3112358799988815E-4,0.0011076090529998786,4.6262499999773173E-7,1.321342809998832E-4,1.6201689999879435E-6,9.549753999999204E-6,3.846307399994478E-5,0.004704987624999714,2.8311293700007385E-4,1.4840277700009326E-4,3.52006249999628E-5,2.475736400000596E-5,4.446845800001837E-5,6.411486599998193E-5,7.08882259999991E-5,2.584098500000242E-5,1.1904397000000546E-5],[0.011001900905000736,0.010605388009001262,0.013563682721000989,0.005800427161001375,0.009687299450000136,0.001105731749000137,0.003986305457000046,0.003949865386000521,4.0419028000007897E-4,4.399304180002258E-4,0.009459982177001391,2.113059380000728E-4,0.0,0.012172157617002332,2.934789290003734E-4,0.012161962089002408,0.004426962724001235,3.16174399999113E-6,0.006754757261000231,4.023925330000848E-4,2.936375300000308E-4,7.112603700005835E-4,4.6870074500041483E-4,5.508006250003711E-4,7.743678439999793E-4,2.8079450900029873E-4,4.8110204899999185E-4,0.004941672500001404,2.229022250001585E-4,5.151332810004892E-4,9.902384650001376E-4,1.5218689600006295E-4,1.2539053300011067E-4,4.5267500200016244E-4,0.001448693221000306,2.0883610899997683E-4,3.173370730001465E-4,1.848753250001075E-4,1.6691624000008266E-4,1.5245396000010658E-4,0.006780654552999786,5.100691850003137E-4,1.1204628500022365E-4,7.461534100010241E-5,9.288527400004734E-5,6.191005600001801E-5,4.2929288000063666E-5,4.78908880000963E-5,9.112783700006028E-5,1.2823176500001974E-4],[8.300287059996626E-4,8.411399619998408E-4,0.0010122803359994465,0.001648323076000151,1.4259610100022445E-4,0.005943133892001306,0.002694694004000708,0.0027467460050002303,0.008257873709001433,0.008122948217001125,2.466223380001106E-4,0.00953587453300124,0.012172157617002332,0.0,0.008706390271999865,7.779999999652519E-9,0.002607089697000087,0.012357967385002274,0.005766414266000445,0.008468118088001167,0.008693985793001823,0.007044868080999788,0.007863982864000174,0.007666703172000223,0.006846172705001795,0.008811320019999982,0.007821994682001884,0.003296441977000048,0.009102889562000994,0.0077655847299998365,0.006224795378001318,0.010193227265001614,0.010003274962001303,0.008560768625000976,0.006549406706000805,0.009484851042002026,0.008653946330001005,0.009614138024001536,0.01010591792900113,0.009602503349001243,0.00601541361800146,0.008021241610000875,0.010220982440000602,0.010507284520000708,0.010310134585001258,0.010698178581001878,0.01089284228500018,0.010703747605000577,0.010319937224001041,0.009980067250001995],[0.007943279745998464,0.007608002649998985,0.010153507599998408,0.0036381164199996846,0.006630491204998248,2.634072999997E-4,0.0022590042119988844,0.0022375799889992128,4.7339596999892584E-5,5.852824899997418E-5,0.006421740769999386,4.10203250000627E-5,2.934789290003734E-4,0.008706390271999865,0.0,0.008698040227999922,0.002632191424999745,3.191905210003907E-4,0.004812811865999442,8.865843999985326E-5,8.990592999991112E-6,9.116670500000079E-5,2.3833231999977623E-5,4.527232399996367E-5,1.1444832099976073E-4,1.5058759999895138E-6,3.323125799986495E-5,0.002986690969000173,9.959994000007323E-6,3.351967400000363E-5,2.0772104199973752E-4,1.441570250000918E-4,7.95252340000963E-5,1.5685297699988613E-4,7.23983505999668E-4,3.336537800009385E-5,3.2532409999924466E-5,3.5000552000120536E-5,8.669613700010975E-5,2.3735637000053625E-5,0.004868589649999238,1.1251581799997853E-4,1.0475005600011631E-4,8.679460000008135E-5,7.085548100011066E-5,1.0503442100020574E-4,1.2270650900002755E-4,1.0428382900007802E-4,7.128295200009146E-5,4.830958600015565E-5],[8.25089977999784E-4,8.36101857999961E-4,0.0010076744839995792,0.0016422519040002518,1.4136769700023616E-4,0.0059361451280013555,0.00268770435200081,0.002739662785000335,0.008248797133001516,0.008113867805001208,2.466179620000853E-4,0.009527877569001279,0.012161962089002408,7.779999999652519E-9,0.008698040227999922,0.0,0.002599731793000204,0.012347931713002342,0.005770229210000243,0.008458518964001262,0.008685190661001893,0.007037620676999832,0.007855818788000235,0.0076593886240002625,0.0068390098730018375,0.008803086728000033,0.007813627826001951,0.003296836408999948,0.009093992114001062,0.00775808260999988,0.006217703770001366,0.010182771961001716,0.00999341653000139,0.008550676405001085,0.006539090290000946,0.009476777746002068,0.008644773010001085,0.009605919748001582,0.010097864753001166,0.00959352605300131,0.006019326154001253,0.00801179904200097,0.010210906340000693,0.010498348516000764,0.01030132833300131,0.010689177925001934,0.010883598989000239,0.010694310469000646,0.010311109412001095,0.009971475410002047],[0.001484509260999586,0.0013414521249997821,0.0025004071849995192,1.1595350499998194E-4,0.0015961747699995824,0.0013525687250004266,2.11388570000789E-5,2.0409794000067254E-5,0.0021637192520007013,0.0020811515540003272,0.0019248944849998939,0.0032712084100004523,0.004426962724001235,0.002607089697000087,0.002632191424999745,0.002599731793000204,0.0,0.0045985184360010966,0.005896300600999748,0.0021674613250006252,0.002504323018000776,0.0019168875699996338,0.002157999336999996,0.002275997768999844,0.0018227743360006948,0.0027316481409995776,0.0020786297330008686,0.002714268064000114,0.002735742389000469,0.0022824746289997577,0.0014824065170004667,0.0030449937800007443,0.003066188689000498,0.002114586602000438,9.838386410002792E-4,0.003214897353000877,0.0023827740050005515,0.0032573555570008642,0.0036339690920004697,0.0030356130920006505,0.006101689085000267,0.0019360532530002241,0.0031532307409999627,0.0036440924050002385,0.003549134746000427,0.0037539547560009197,0.0038166996039996027,0.0036363115239999738,0.003549537797000277,0.003390889921001009],[0.011258775257000505,0.010857706681001049,0.013852331145000726,0.005983001905001243,0.009856223698000047,0.0011611460610001189,0.004141543464999901,0.004105622786000377,4.542303760000307E-4,4.928300100001976E-4,0.009597865457001377,2.1477447400010575E-4,3.16174399999113E-6,0.012357967385002274,3.191905210003907E-4,0.012347931713002342,0.0045985184360010966,0.0,0.0066786831490005,4.599279490000187E-4,3.288790100000109E-4,7.477293380006108E-4,5.070871210004111E-4,5.759374490004036E-4,8.133280999999717E-4,3.0214472500033707E-4,5.246226729999583E-4,0.004947960404001542,2.524769290001431E-4,5.420090410005149E-4,0.0010413402410001215,1.9549456000001426E-4,1.5884960500008936E-4,5.198516500000904E-4,0.001569539429000175,2.146945729999983E-4,3.615401290001034E-4,1.9127586100011506E-4,1.615570560001214E-4,1.744186960000933E-4,0.006698902729000041,5.733548650002713E-4,1.4630339700021964E-4,7.971392500012318E-5,9.877325000007175E-5,6.504778400002786E-5,4.7671720000110515E-5,5.985460000011947E-5,9.727928500008834E-5,1.3557787700002515E-4],[0.008770235811998504,0.00854027965599924,0.010545860241998443,0.005776162522000003,0.00480355020899891,0.0037955168259999677,0.00529730778599896,0.005351225268998753,0.005344612864999578,0.0053448293050001915,0.0037293240199999366,0.004670015753000015,0.006754757261000231,0.005766414266000445,0.004812811865999442,0.005770229210000243,0.005896300600999748,0.0066786831490005,0.0,0.005783928657999229,0.005145218173000187,0.003932506768999785,0.004618994689999388,0.0039986653459998505,0.003873022249000111,0.0047387044340000545,0.004771813319999913,6.141316809998914E-4,0.0052594612559995115,0.0041344904839994605,0.003846834759999914,0.006622862596999967,0.006110002180000073,0.00621496396099946,0.006702895299999499,0.0047140829600003506,0.005439283027999224,0.004833758689999555,0.004806233964999799,0.005377428224999502,2.6405480000205113E-6,0.005648932628000059,0.006312527362000267,0.005489661081999588,0.005361765569000134,0.005571451625000073,0.005783222105000194,0.005890436065000042,0.005378840946000111,0.00515345309200002],[0.007225787330000156,0.006905156850000573,0.009319957288000329,0.0031783454280006774,0.006413010864999517,2.841034599998657E-4,0.0018746871399997985,0.0018475444250001393,9.257488999987622E-6,8.697276999964146E-6,0.006377434402000413,2.3354502499981872E-4,4.023925330000848E-4,0.008468118088001167,8.865843999985326E-5,0.008458518964001262,0.0021674613250006252,4.599279490000187E-4,0.005783928657999229,0.0,4.18082209999418E-5,1.7874056499993035E-4,6.824842399996655E-5,1.7622854799983706E-4,1.9517930899982732E-4,1.1236432399972741E-4,4.89906099999409E-5,0.003491651813000366,6.181841799994894E-5,1.5018160999990998E-4,2.4194354599987983E-4,8.017464500002439E-5,7.853488199994952E-5,1.0049093000017008E-5,3.507922580001215E-4,2.132481699998815E-4,1.4396905999994332E-5,2.0708854399999215E-4,3.1286482899983015E-4,1.0338544899996557E-4,0.0058665072499990666,6.571322000018493E-6,9.21209919998663E-5,2.3646311999981606E-4,2.2232938899982089E-4,2.601627129999601E-4,2.619596809995874E-4,2.0675924099974283E-4,2.2085583999978446E-4,2.0214336199997964E-4],[0.00776794173300035,0.007435727513000812,0.009950422025000537,0.003521386805000925,0.0066140563599999935,2.6507255300004337E-4,0.002154943164999887,0.002131310404000216,1.768900999998372E-5,2.5781540000044777E-5,0.00645987366100105,7.982413599995778E-5,2.936375300000308E-4,0.008693985793001823,8.990592999991112E-6,0.008685190661001893,0.002504323018000776,3.288790100000109E-4,0.005145218173000187,4.18082209999418E-5,0.0,1.0831010000017146E-4,2.269790500008262E-5,7.322600500005971E-5,1.304525699999837E-4,1.7184504999935956E-5,2.306457699999068E-5,0.0031712487300010602,5.1567849999834855E-6,5.630710900010109E-5,2.1213021700004515E-4,9.719760199996543E-5,5.357490499996371E-5,9.10527079999621E-5,5.973747130000508E-4,6.828531699999796E-5,7.348276999975634E-6,6.677664500004223E-5,1.338518899999515E-4,2.5575849999979387E-5,0.005208738340999977,6.235122100007414E-5,7.409640499993553E-5,1.0722751699988586E-4,9.275233999992091E-5,1.263978579999969E-4,1.380697539997458E-4,1.0856407399983957E-4,9.251864499989605E-5,7.246282500002676E-5],[0.0065367649369983405,0.006234839844998844,0.008557363336998237,0.0027172764369995895,0.005196150499998345,5.1994384999850973E-5,0.0015767407489989263,0.001564031847999167,1.1042653000001182E-4,1.0858217600007248E-4,0.004987780752999417,1.949930600002229E-4,7.112603700005835E-4,0.007044868080999788,9.116670500000079E-5,0.007037620676999832,0.0019168875699996338,7.477293380006108E-4,0.003932506768999785,1.7874056499993035E-4,1.0831010000017146E-4,0.0,3.300966499999205E-5,1.5581845000020468E-5,1.4357779999702123E-6,9.931667300002676E-5,4.238326100004984E-5,0.0021259915700002677,1.4822436500009893E-4,1.80086330000066E-5,2.892685299988795E-5,4.0353457000021374E-4,3.1414074100021016E-4,2.6029153599993476E-4,6.009693489996617E-4,1.8517164100032563E-4,1.3470256899999805E-4,2.0155028500028029E-4,2.8902497000025853E-4,2.074314500001699E-4,0.004003425384999703,1.5678656900003523E-4,3.615754850001705E-4,3.451354450001714E-4,3.0998836800026175E-4,3.803414740003997E-4,4.193977220000949E-4,3.9003740200015927E-4,3.1174562900022483E-4,2.549767250003618E-4],[0.007096908825998933,0.00678019464199942,0.009193503903998927,0.0030730259239999647,0.005895038404998629,1.3485173199982546E-4,0.0018194647879992,0.0018005356369994933,2.731112500000302E-5,2.9759017000050904E-5,0.0057291933699996495,1.1863494900007236E-4,4.6870074500041483E-4,0.007863982864000174,2.3833231999977623E-5,0.007855818788000235,0.002157999336999996,5.070871210004111E-4,0.004618994689999388,6.824842399996655E-5,2.269790500008262E-5,3.300966499999205E-5,0.0,2.5374819999961346E-5,4.481124099988062E-5,3.379539599995154E-5,2.315569999989898E-6,0.002686626145000184,4.58213300000547E-5,1.6450001999988015E-5,9.712327399985559E-5,2.057153530001726E-4,1.4552988200014296E-4,1.2808060899999264E-4,5.378476099998609E-4,1.0688929000014541E-4,3.494350600000597E-5,1.1320900000016218E-4,1.942866250001012E-4,8.681772500010134E-5,0.004688172393999244,6.7307202000058E-5,1.7783716000011323E-4,2.0061168800006402E-4,1.7650900100011382E-4,2.2780316500023933E-4,2.511421649999596E-4,2.1874140500004787E-4,1.770633680000828E-4,1.3999417000021036E-4],[0.0071892507699987,0.006872575353999218,0.009301668115998661,0.0031441862559998504,0.005736671824998632,1.2417034399982805E-4,0.0019052498719990447,0.0018910024009993094,1.0470720499991662E-4,1.1008865300001785E-4,0.005486161121999745,1.0281475300010637E-4,5.508006250003711E-4,0.007666703172000223,4.527232399996367E-5,0.0076593886240002625,0.002275997768999844,5.759374490004036E-4,0.0039986653459998505,1.7622854799983706E-4,7.322600500005971E-5,1.5581845000020468E-5,2.5374819999961346E-5,0.0,2.6011848999897422E-5,4.580586399999761E-5,4.1708713999947295E-5,0.002298660625000416,9.544624999999879E-5,1.1343459999935925E-6,8.687044999985433E-5,3.3820000100008183E-4,2.418370180000962E-4,2.6740195699986256E-4,7.390277059996746E-4,9.678767400018114E-5,1.1102301799990362E-4,1.101077000001353E-4,1.7245026500012687E-4,1.326586850000436E-4,0.004057998817999705,1.7384808999999755E-4,2.84639060000095E-4,2.283157960000502E-4,1.9917922900013348E-4,2.565013410002306E-4,2.922298930000103E-4,2.754640930000573E-4,2.009512520001066E-4,1.5449449000020036E-4],[0.00635042207700038,0.00605303998100083,0.008343949265000568,0.0025987714250008866,0.0050254103380001,3.651826100002827E-5,0.001489623144999917,0.0014777399860001416,1.2555179599990952E-4,1.2170404999998617E-4,0.0048236424370010425,2.297178339998593E-4,7.743678439999793E-4,0.006846172705001795,1.1444832099976073E-4,0.0068390098730018375,0.0018227743360006948,8.133280999999717E-4,0.003873022249000111,1.9517930899982732E-4,1.304525699999837E-4,1.4357779999702123E-6,4.481124099988062E-5,2.6011848999897422E-5,0.0,1.242333249997647E-4,5.309701299998078E-5,0.002051203104000861,1.7574502899984367E-4,2.9593140999871595E-5,1.786362100001848E-5,4.411531399998998E-4,3.511829449998793E-4,2.761261699998505E-4,5.811521289999875E-4,2.1915871299998246E-4,1.5525686899983205E-4,2.3700538099992007E-4,3.3080627599981545E-4,2.4143731599984679E-4,0.003946766189000009,1.6709240499998895E-4,4.00833076999811E-4,3.9071880499970814E-4,3.5334304999982546E-4,4.2816048399992685E-4,4.691729799995856E-4,4.371122599996919E-4,3.551873649997855E-4,2.945382569999717E-4],[0.008099000361998262,0.007760702185998795,0.010330502259998178,0.0037442901199995567,0.006724712932998313,2.842080159996929E-4,0.0023472313999987333,0.0023262107809990584,6.568800099980031E-5,7.881026499989404E-5,0.006494305401999559,2.730294900008735E-5,2.8079450900029873E-4,0.008811320019999982,1.5058759999895138E-6,0.008803086728000033,0.0027316481409995776,3.0214472500033707E-4,0.0047387044340000545,1.1236432399972741E-4,1.7184504999935956E-5,9.931667300002676E-5,3.379539599995154E-5,4.580586399999761E-5,1.242333249997647E-4,0.0,4.6775737999809584E-5,0.0029701444690005377,1.4383993999954741E-5,3.533358600002561E-5,2.2566686599973087E-4,1.5873572499995863E-4,8.711501000000673E-5,1.873491849997349E-4,7.908573139994386E-4,2.1305338000107104E-5,4.699275399983559E-5,2.3388436000118774E-5,6.704778100014143E-5,2.3064521000004262E-5,0.004790592153999848,1.4001740999987098E-4,1.130016520000311E-4,7.470794000006618E-5,5.9228825000102037E-5,9.165976900018243E-5,1.1055262500002082E-4,9.711690500004463E-5,5.9846420000084464E-5,3.7546882000140115E-5],[0.00697726138000059,0.006662886688001028,0.00905525686600081,0.002994627826001032,0.005856222501000133,1.3351649800004E-4,0.001753063650000032,0.0017332031050003207,1.6249444999981318E-5,1.6809349000026088E-5,0.005718364340001076,1.447671649998668E-4,4.8110204899999185E-4,0.007821994682001884,3.323125799986495E-5,0.007813627826001951,0.0020786297330008686,5.246226729999583E-4,0.004771813319999913,4.89906099999409E-5,2.306457699999068E-5,4.238326100004984E-5,2.315569999989898E-6,4.1708713999947295E-5,5.309701299998078E-5,4.6775737999809584E-5,0.0,0.0027640916290008594,4.923302399992349E-5,3.046201999997018E-5,9.794708800003515E-5,1.9030544899996033E-4,1.4032080399992557E-4,9.941467699996558E-5,4.7278186000013146E-4,1.309801999999495E-4,2.7073123999942035E-5,1.3602796999996885E-4,2.2581614499984066E-4,9.46832849999199E-5,0.004845309859999756,4.529363600005856E-5,1.7072873799986248E-4,2.1973143399977403E-4,1.9593641299983606E-4,2.4779124499993654E-4,2.685469249996104E-4,2.3021144499973318E-4,1.9618244999980151E-4,1.5982982799997854E-4],[0.0050086508849988085,0.004813102948999381,0.006502434760998655,0.002632486601000168,0.0023602724499990012,0.0018279441890006246,0.0023226675369996358,0.002360473665999483,0.0031886613800006084,0.003159587138000893,0.0017413943169997473,0.003109295818000832,0.004941672500001404,0.003296441977000048,0.002986690969000173,0.003296836408999948,0.002714268064000114,0.004947960404001542,6.141316809998914E-4,0.003491651813000366,0.0031712487300010602,0.0021259915700002677,0.002686626145000184,0.002298660625000416,0.002051203104000861,0.0029701444690005377,0.0027640916290008594,0.0,0.0033307665250005055,0.0023951496610001254,0.0019108146850006162,0.004374624356001,0.0040304637530009626,0.0037681371620004755,0.003688630441000363,0.0031203854890012113,0.00333097121300033,0.0032177473250006665,0.003328031540000709,0.0035162206600005816,6.853853330000984E-4,0.0033168412450007706,0.004199647085000924,0.0038033875010005276,0.003682605434000958,0.003897445876001104,0.004064835748000749,0.004076682548000771,0.0036945179170008915,0.0034844974650010616],[0.008173374819999708,0.007832504224000196,0.010408550145999822,0.0037960511860005105,0.006972373844999227,3.376889139998746E-4,0.002370796001999541,0.002345913840999893,3.8082964999964295E-5,5.019733300003772E-5,0.006799739732000286,5.640017299995559E-5,2.229022250001585E-4,0.009102889562000994,9.959994000007323E-6,0.009093992114001062,0.002735742389000469,2.524769290001431E-4,0.0052594612559995115,6.181841799994894E-5,5.1567849999834855E-6,1.4822436500009893E-4,4.58213300000547E-5,9.544624999999879E-5,1.7574502899984367E-4,1.4383993999954741E-5,4.923302399992349E-5,0.0033307665250005055,0.0,7.702403600005758E-5,2.7636519999989055E-4,7.853692100005573E-5,3.350534800003933E-5,1.1438659699999566E-4,6.929493160000106E-4,4.66